// S809 operational polar based on NREL/TP-500-29955 Tables A-7/A-8.
// Total drag is used where available. Values outside the measured operational
// range are a conservative static high-angle extension for numerical safety.
// (alpha_deg Cl Cd Cm)
(-180.0  0.000 0.020  0.000)
(-150.0  0.750 0.700  0.000)
(-120.0  0.750 1.500  0.000)
(-90.0   0.000 2.000  0.000)
(-60.0  -0.900 1.500  0.000)
(-30.0  -0.900 0.650  0.000)
(-20.1  -0.550 0.298 -0.059)
(-18.2  -0.650 0.296 -0.080)
(-16.2  -0.800 0.183 -0.024)
(-14.1  -0.790 0.079 -0.006)
(-12.1  -0.700 0.055 -0.004)
(-10.2  -0.630 0.075 -0.004)
(-8.2   -0.580 0.027 -0.003)
(-6.2   -0.610 0.019  0.009)
(-4.1   -0.400 0.013 -0.025)
(-2.1   -0.160 0.009 -0.031)
(0.0     0.070 0.009 -0.036)
(2.1     0.300 0.009 -0.039)
(4.1     0.550 0.009 -0.046)
(6.1     0.790 0.009 -0.050)
(8.2     0.900 0.017 -0.036)
(10.1    0.940 0.049 -0.040)
(11.2    0.930 0.052 -0.028)
(12.2    0.970 0.064 -0.031)
(13.3    1.000 0.070 -0.036)
(14.2    1.020 0.083 -0.037)
(15.2    1.030 0.108 -0.038)
(16.2    1.010 0.143 -0.043)
(17.2    0.950 0.170 -0.046)
(18.1    0.900 0.185 -0.058)
(19.2    0.780 0.347 -0.146)
(20.0    0.670 0.321 -0.117)
(22.1    0.700 0.370 -0.125)
(24.0    0.770 0.435 -0.143)
(26.1    0.910 0.536 -0.178)
(30.0    0.900 0.650 -0.160)
(60.0    0.900 1.500 -0.080)
(90.0    0.000 2.000  0.000)
(120.0  -0.750 1.500  0.080)
(150.0  -0.750 0.700  0.080)
(180.0   0.000 0.020  0.000)

